125386074211432571
125786034211632551
125386074211432771
125786034211632751
125386470211432074
125786430211632054
125386470211432076
125786430211632056
128356074211432571
128756034211632551
128356074211432771
128756034211632751
128356470211432074
128756430211632054
128356470211432076
128756430211632056
521386074211432571
521786034211632551
521386074211432771
521786034211632751
521386470211432074
521786430211632054
521386470211432076
521786430211632056
128653074211004571
128657034211004551
128653074211004771
128657034211004751
128653470211004074
128657430211004054
128653470211004076
128657430211004056
120386574215432371
120786534215632351
120386574217432371
120786534217632351
124386570212432374
124786530212632354
124386570212432376
124786530212632356
520386174215432371
520786134215632351
520386174217432371
520786134217632351
524386170212432374
524786130212632354
524386170212432376
524786130212632356
102386574252432371
102786534252632351
102386574272432371
102786534272632351
142386570222432374
142786530222632354
142386570222432376
142786530222632356
502386174252432371
502786134252632351
502386174272432371
502786134272632351
542386170222432374
542786130222632354
542386170222432376
542786130222632356
120386475215432070
120786435215632050
120386475217432070
120786435217632050
124386075212432570
124786035212632550
124386075212432770
124786035212632750
520386471215432070
520786431215632050
520386471217432070
520786431217632050
524386071212432570
524786031212632550
524386071212432770
524786031212632750
102386475252432070
102786435252632050
102386475272432070
102786435272632050
142386075222432570
142786035222632550
142386075222432770
142786035222632750
502386471252432070
502786431252632050
502386471272432070
502786431272632050
542386071222432570
542786031222632550
542386071222432770
542786031222632750
120653478215004070
120653478217004070
831257064251214511
871253064251214511
831257064251214711
871253064251214711
831257460251214014
871253460251214014
831257460251214016
871253460251214016
871356024251422531
871356024251422731
135687024251014531
175683024251014531
135687024251014731
175683024251014731
135687420251014034
175683420251014034
135687420251014036
175683420251014036
531687024251014531
571683024251014531
531687024251014731
571683024251014731
531687420251014034
571683420251014034
531687420251014036
571683420251014036
135687204251014051
175683204251014051
135687204251014071
175683204251014071
135687240251014004
175683240251014004
135687240251014006
175683240251014006
531687204251014051
571683204251014051
531687204251014071
571683204251014071
531687240251014004
571683240251014004
531687240251014006
571683240251014006
830257461255214010
870253461255214010
830257461257214010
870253461257214010
834257061252214510
874253061252214510
834257061252214710
874253061252214710
130752468255620010
170352468255420010
130752468257620010
170352468257420010
134752068252620510
174352068252420510
134752068252620710
174352068252420710
130782465255620010
170382465255420010
130782465257620010
170382465257420010
134782065252620510
174382065252420510
134782065252620710
174382065252420710
530782461255620010
570382461255420010
530782461257620010
570382461257420010
534782061252620510
574382061252420510
534782061252620710
574382061252420710
130657824255014331
170653824255014331
130657824257014331
170653824257014331
134657820252014334
174653820252014334
134657820252014336
174653820252014336
130687524255014331
170683524255014331
130687524257014331
170683524257014331
134687520252014334
174683520252014334
134687520252014336
174683520252014336
530687124255014331
570683124255014331
530687124257014331
570683124257014331
534687120252014334
574683120252014334
534687120252014336
574683120252014336
