314586270022132374
314586270022132376
052837164022144311
052837461022144010
514386270122432374
514386270122432376
541386270231432374
541386270231432376
128356074211432571
128356074211432771
128356470211432074
128356470211432076
128653074211004571
128657034211004551
128653074211004771
128657034211004751
128653470211004074
128657430211004054
128653470211004076
128657430211004056
120653478214004070
120653478216004070
120653478215004070
120653478217004070
831057264251414311
871053264251414311
831057264251614311
871053264251614311
831057264251514311
871053264251514311
831057264251714311
871053264251714311
831257064251214511
871253064251214511
831257064251214711
871253064251214711
831257460251214014
871253460251214014
831257460251214016
871253460251214016
871356024251422431
871356024251422631
871356024251422531
871356024251422731
135687420251014034
135687420251014036
531687420251014034
531687420251014036
135687402251014040
135687402251014060
531687402251014040
531687402251014060
834057261252414310
874053261252414310
834057261252614310
874053261252614310
834057261252514310
874053261252514310
834057261252714310
874053261252714310
830257461255214010
870253461255214010
830257461257214010
870253461257214010
834257061252214510
874253061252214510
834257061252214710
874253061252214710
132750468251624010
172350468251424010
132750468251626010
172350468251426010
132750468251625010
172350468251425010
132750468251627010
172350468251427010
172380465251425010
172380465251427010
572380461251425010
572380461251427010
130752468255620010
170352468255420010
130752468257620010
170352468257420010
134752068252620510
134752068252620710
170382465255420010
170382465257420010
570382461255420010
570382461257420010
170653824255014331
170653824257014331
134657820252014334
174653820252014334
134657820252014336
174653820252014336
134687520252014334
134687520252014336
534687120252014334
534687120252014336
134657802252014340
174653802252014340
134657802252014360
174653802252014360
130687542255014310
130687542257014310
134687502252014340
134687502252014360
530687142255014310
530687142257014310
534687102252014340
534687102252014360
134657802252014350
174653802252014350
134657802252014370
174653802252014370
160487352235004420
160487352237004420
