035816427004127135
035816427004127137
053816427040127135
053816427040127137
305816427004127135
305816427004127137
350816427040127135
350816427040127137
503816427400127135
503816427400127137
530816427400127135
530816427400127137
035817426004127107
053817426040127107
305817426004127107
350817426040127107
503817426400127107
530817426400127107
035187246004125037
035187246004127037
035816427004127035
035816427004127037
053187246040125037
053187246040127037
053816427040127035
053816427040127037
305187246004125037
305187246004127037
305816427004127035
305816427004127037
350187246040125037
350187246040127037
350816427040127035
350816427040127037
503187246400125037
503187246400127037
503816427400127035
503816427400127037
530187246400125037
530187246400127037
530816427400127035
530816427400127037
035187246004125007
035187246004127007
035817426004127007
053187246040125007
053187246040127007
053817426040127007
305187246004125007
305187246004127007
305817426004127007
350187246040125007
350187246040127007
350817426040127007
503187246400125007
503187246400127007
503817426400127007
530187246400125007
530187246400127007
530817426400127007
035168274004271351
035168274004271371
035178264004271351
035861472004271151
035861472004271171
035871462004251351
035871462004271351
053168274040271351
053168274040271371
053178264040271351
053861472040271151
053861472040271171
053871462040251351
053871462040271351
305168274004271351
305168274004271371
305178264004271351
305861472004271151
305861472004271171
305871462004251351
305871462004271351
350168274040271351
350168274040271371
350178264040271351
350861472040271151
350861472040271171
350871462040251351
350871462040271351
503168274400271351
503168274400271371
503178264400271351
503861472400271151
503861472400271171
503871462400251351
503871462400271351
530168274400271351
530168274400271371
530178264400271351
530861472400271151
530861472400271171
530871462400251351
530871462400271351
035168274004271350
035168274004271370
035871462004251370
035871462004271370
053168274040271350
053168274040271370
053871462040251370
053871462040271370
305168274004271350
305168274004271370
305871462004251370
305871462004271370
350168274040271350
350168274040271370
350871462040251370
350871462040271370
503168274400271350
503168274400271370
503871462400251370
503871462400271370
530168274400271350
530168274400271370
530871462400251370
530871462400271370
035168274004271050
035168274004271070
035861472004271050
035871462004251070
035871462004271070
053168274040271050
053168274040271070
053861472040271050
053871462040251070
053871462040271070
305168274004271050
305168274004271070
305861472004271050
305871462004251070
305871462004271070
350168274040271050
350168274040271070
350861472040271050
350871462040251070
350871462040271070
503168274400271050
503168274400271070
503861472400271050
503871462400251070
503871462400271070
530168274400271050
530168274400271070
530861472400271050
530871462400251070
530871462400271070
035781642004512510
035781642004712510
053781642040512510
053781642040712510
305781642004512510
305781642004712510
350781642040512510
350781642040712510
503781642400512510
503781642400712510
530781642400512510
530781642400712510
035781642004512521
035781642004712521
053781642040512521
053781642040712521
305781642004512521
305781642004712521
350781642040512521
350781642040712521
503781642400512521
503781642400712521
530781642400512521
530781642400712521
031856472002146151
031856472002146171
051836472042106151
051836472042106171
301856472002146151
301856472002146171
351806472042106151
351806472042106171
501836472402106151
501836472402106171
531806472402106151
531806472402106171
031856472002146051
031856472002146071
031857462002144051
051836472042106051
051836472042106071
051837462042104051
301856472002146051
301856472002146071
301857462002144051
351806472042106051
351806472042106071
351807462042104051
501836472402106051
501836472402106071
501837462402104051
531806472402106051
531806472402106071
531807462402104051
031672584002551421
031672584002571421
031762584002551421
031762584002751421
051672384042551021
051672384042571021
051762384042551021
051762384042751021
301672584002551421
301672584002571421
301762584002551421
301762584002751421
351672084042551021
351672084042571021
351762084042551021
351762084042751021
501672384402551021
501672384402571021
501762384402551021
501762384402751021
531672084402551021
531672084402571021
531762084402551021
531762084402751021
031672584002551422
031672584002571422
031762584002551422
031762584002751422
051672384042551022
051672384042571022
051762384042551022
051762384042751022
301672584002551422
301672584002571422
301762584002551422
301762584002751422
351672084042551022
351672084042571022
351762084042551022
351762084042751022
501672384402551022
501672384402571022
501762384402551022
501762384402751022
531672084402551022
531672084402571022
531762084402551022
531762084402751022
031672584002550421
031672584002570421
031762584002550421
031762584002570421
031762584002750421
031762584002770421
051672384042550021
051672384042570021
051762384042550021
051762384042570021
051762384042750021
051762384042770021
301672584002550421
301672584002570421
301762584002550421
301762584002570421
301762584002750421
301762584002770421
351672084042550021
351672084042570021
351762084042550021
351762084042570021
351762084042750021
351762084042770021
501672384402550021
501672384402570021
501762384402550021
501762384402570021
501762384402750021
501762384402770021
531672084402550021
531672084402570021
531762084402550021
531762084402570021
531762084402750021
531762084402770021
031672584002550422
031672584002570422
031762584002570422
031762584002770422
051672384042550022
051672384042570022
051762384042570022
051762384042770022
301672584002550422
301672584002570422
301762584002570422
301762584002770422
351672084042550022
351672084042570022
351762084042570022
351762084042770022
501672384402550022
501672384402570022
501762384402570022
501762384402770022
531672084402550022
531672084402570022
531762084402570022
531762084402770022
037512648004421530
037512648006421530
037584621006421530
057312648044021530
057312648046021530
057384621046021530
307512648004421530
307512648006421530
307584621006421530
357012648044021530
357012648046021530
357084621046021530
507312648404021530
507312648406021530
507384621406021530
537012648404021530
537012648406021530
537084621406021530
037512648004421520
037512648006421520
037582641004421520
037582641006421520
057312648044021520
057312648046021520
057382641044021520
057382641046021520
307512648004421520
307512648006421520
307582641004421520
307582641006421520
357012648044021520
357012648046021520
357082641044021520
357082641046021520
507312648404021520
507312648406021520
507382641404021520
507382641406021520
537012648404021520
537012648406021520
537082641404021520
537082641406021520
037512648004420530
037512648006420530
037582641004420510
037582641006420510
036584721004420510
036584721004420710
036584721004420530
036584721004420730
057312648044020530
057312648046020530
057382641044020510
057382641046020510
056384721044020510
056384721044020710
056384721044020530
056384721044020730
307512648004420530
307512648006420530
307582641004420510
307582641006420510
306584721004420510
306584721004420710
306584721004420530
306584721004420730
357012648044020530
357012648046020530
357082641044020510
357082641046020510
356084721044020510
356084721044020710
356084721044020530
356084721044020730
507312648404020530
507312648406020530
507382641404020510
507382641406020510
506384721404020510
506384721404020710
506384721404020530
506384721404020730
537012648404020530
537012648406020530
537082641404020510
537082641406020510
536084721404020510
536084721404020710
536084721404020530
536084721404020730
012356874031044251
012356874031044271
012357864031046251
012536874031404251
012536874031404271
012537864031406251
312056874031044251
312056874031044271
312057864031046251
312506874031404251
312506874031404271
312507864031406251
512036874431004251
512036874431004271
512037864431006251
512306874431004251
512306874431004271
512307864431006251
012356874031044250
012356874031044270
012536874031404250
012536874031404270
312056874031044250
312056874031044270
312506874031404250
312506874031404270
512036874431004250
512036874431004270
512306874431004250
512306874431004270
012356874032046251
012356874032046271
012357864032044251
012357864032046251
014356872032046251
014356872032046271
012536874032406251
012536874032406271
012537864032404251
012537864032406251
014536872032406251
014536872032406271
312056874032046251
312056874032046271
312057864032044251
312057864032046251
314056872032046251
314056872032046271
312506874032406251
312506874032406271
312507864032404251
312507864032406251
314506872032406251
314506872032406271
512036874432006251
512036874432006271
512037864432004251
512037864432006251
514036872432006251
514036872432006271
512306874432006251
512306874432006271
512307864432004251
512307864432006251
514306872432006251
514306872432006271
012356874032046250
012356874032046270
014356872032046250
014356872032046270
012536874032406250
012536874032406270
014536872032406250
014536872032406270
312056874032046250
312056874032046270
314056872032046250
314056872032046270
312506874032406250
312506874032406270
314506872032406250
314506872032406270
512036874432006250
512036874432006270
514036872432006250
514036872432006270
512306874432006250
512306874432006270
514306872432006250
514306872432006270
012648375021510044
012648375021510064
014628375023530044
014628375023530064
084721365021510064
084721365021710064
012648573021510440
012648573021510460
014628573023530440
014628573023530460
084721563021510460
084721563021710460
312648075021510044
312648075021510064
314628075023530044
314628075023530064
384721065021510064
384721065021710064
312648570021510440
312648570021510460
314628570023530440
314628570023530460
384721560021510460
384721560021710460
512648073421510040
512648073421510060
514628073423530040
514628073423530060
584721063421510060
584721063421710060
512648370421510040
512648370421510060
514628370423530040
514628370423530060
584721360421510060
584721360421710060
012648375021500044
012648375021500064
012748365021500064
012748365021700064
014628375021500044
014628375021500064
014728365021500064
014728365021700064
012648573021500440
012648573021500460
012748563021500460
012748563021700460
014628573021500440
014628573021500460
014728563021500460
014728563021700460
312648075021500044
312648075021500064
312748065021500064
312748065021700064
314628075021500044
314628075021500064
314728065021500064
314728065021700064
312648570021500440
312648570021500460
312748560021500460
312748560021700460
314628570021500440
314628570021500460
314728560021500460
314728560021700460
512648073421500040
512648073421500060
512748063421500060
512748063421700060
514628073421500040
514628073421500060
514728063421500060
514728063421700060
512648370421500040
512648370421500060
512748360421500060
512748360421700060
514628370421500040
514628370421500060
514728360421500060
514728360421700060
014628375022530044
014628375022530064
084721365022510064
084721365022710064
084721365022730064
014628573022530440
014628573022530460
084721563022510460
084721563022710460
084721563022730460
314628075022530044
314628075022530064
384721065022510064
384721065022710064
384721065022730064
314628570022530440
314628570022530460
384721560022510460
384721560022710460
384721560022730460
514628073422530040
514628073422530060
584721063422510060
584721063422710060
584721063422730060
514628370422530040
514628370422530060
584721360422510060
584721360422710060
584721360422730060
012674358031553043
012674358031573043
012764358031573043
012764358031773043
012674538031553403
012674538031573403
012764538031573403
012764538031773403
312674058031553043
312674058031573043
312764058031573043
312764058031773043
312674508031553403
312674508031573403
312764508031573403
312764508031773403
512674038431553003
512674038431573003
512764038431573003
512764038431773003
512674308431553003
512674308431573003
512764308431573003
512764308431773003
012674358031552043
012674358031572043
012764358031552043
012764358031572043
012764358031752043
012764358031772043
012674538031552403
012674538031572403
012764538031552403
012764538031572403
012764538031752403
012764538031772403
312674058031552043
312674058031572043
312764058031552043
312764058031572043
312764058031752043
312764058031772043
312674508031552403
312674508031572403
312764508031552403
312764508031572403
312764508031752403
312764508031772403
512674038431552003
512674038431572003
512764038431552003
512764038431572003
512764038431752003
512764038431772003
512674308431552003
512674308431572003
512764308431552003
512764308431572003
512764308431752003
512764308431772003
012674358032553043
012674358032573043
012764358032553043
012764358032753043
012674538032553403
012674538032573403
012764538032553403
012764538032753403
312674058032553043
312674058032573043
312764058032553043
312764058032753043
312674508032553403
312674508032573403
312764508032553403
312764508032753403
512674038432553003
512674038432573003
512764038432553003
512764038432753003
512674308432553003
512674308432573003
512764308432553003
512764308432753003
