125386074211430551
125386074211432551
125386074211430571
125386074211432571
125786034211430551
125786034211432551
125786034211630551
125786034211632551
125386074211430751
125386074211432751
125386074211430771
125386074211432771
125786034211430751
125786034211432751
125786034211630751
125786034211632751
125386470211430054
125386470211432054
125386470211430074
125386470211432074
125786430211430054
125786430211432054
125786430211630054
125786430211632054
125386470211430056
125386470211432056
125386470211430076
125386470211432076
125786430211430056
125786430211432056
125786430211630056
125786430211632056
128356074211430551
128356074211432551
128356074211430571
128356074211432571
128756034211430551
128756034211432551
128756034211630551
128756034211632551
128356074211430751
128356074211432751
128356074211430771
128356074211432771
128756034211430751
128756034211432751
128756034211630751
128756034211632751
128356470211430054
128356470211432054
128356470211430074
128356470211432074
128756430211430054
128756430211432054
128756430211630054
128756430211632054
128356470211430056
128356470211432056
128356470211430076
128356470211432076
128756430211430056
128756430211432056
128756430211630056
128756430211632056
521386074211430551
521386074211432551
521386074211430571
521386074211432571
521786034211430551
521786034211432551
521786034211630551
521786034211632551
521386074211430751
521386074211432751
521386074211430771
521386074211432771
521786034211430751
521786034211432751
521786034211630751
521786034211632751
521386470211430054
521386470211432054
521386470211430074
521386470211432074
521786430211430054
521786430211432054
521786430211630054
521786430211632054
521386470211430056
521386470211432056
521386470211430076
521386470211432076
521786430211430056
521786430211432056
521786430211630056
521786430211632056
128653074211004551
128653074211204551
128653074211004571
128653074211204571
128657034211004551
128657034211204551
128657034211006551
128657034211206551
128653074211004751
128653074211204751
128653074211004771
128653074211204771
128657034211004751
128657034211204751
128657034211006751
128657034211206751
128653470211004054
128653470211204054
128653470211004074
128653470211204074
128657430211004054
128657430211204054
128657430211006054
128657430211206054
128653470211004056
128653470211204056
128653470211004076
128653470211204076
128657430211004056
128657430211204056
128657430211006056
128657430211206056
120386574215430351
120386574215432351
120386574215430371
120386574215432371
120786534215430351
120786534215432351
120786534215630351
120786534215632351
120386574217430351
120386574217432351
120386574217430371
120386574217432371
120786534217430351
120786534217432351
120786534217630351
120786534217632351
124386570212430354
124386570212432354
124386570212430374
124386570212432374
124786530212430354
124786530212432354
124786530212630354
124786530212632354
124386570212430356
124386570212432356
124386570212430376
124386570212432376
124786530212430356
124786530212432356
124786530212630356
124786530212632356
520386174215430351
520386174215432351
520386174215430371
520386174215432371
520786134215430351
520786134215432351
520786134215630351
520786134215632351
520386174217430351
520386174217432351
520386174217430371
520386174217432371
520786134217430351
520786134217432351
520786134217630351
520786134217632351
524386170212430354
524386170212432354
524386170212430374
524386170212432374
524786130212430354
524786130212432354
524786130212630354
524786130212632354
524386170212430356
524386170212432356
524386170212430376
524386170212432376
524786130212430356
524786130212432356
524786130212630356
524786130212632356
102386574252430351
102386574252432351
102386574252430371
102386574252432371
102786534252430351
102786534252432351
102786534252630351
102786534252632351
102386574272430351
102386574272432351
102386574272430371
102386574272432371
102786534272430351
102786534272432351
102786534272630351
102786534272632351
142386570222430354
142386570222432354
142386570222430374
142386570222432374
142786530222430354
142786530222432354
142786530222630354
142786530222632354
142386570222430356
142386570222432356
142386570222430376
142386570222432376
142786530222430356
142786530222432356
142786530222630356
142786530222632356
502386174252430351
502386174252432351
502386174252430371
502386174252432371
502786134252430351
502786134252432351
502786134252630351
502786134252632351
502386174272430351
502386174272432351
502386174272430371
502386174272432371
502786134272430351
502786134272432351
502786134272630351
502786134272632351
542386170222430354
542386170222432354
542386170222430374
542386170222432374
542786130222430354
542786130222432354
542786130222630354
542786130222632354
542386170222430356
542386170222432356
542386170222430376
542386170222432376
542786130222430356
542786130222432356
542786130222630356
542786130222632356
120386475215430050
120386475215432050
120386475215430070
120386475215432070
120786435215430050
120786435215432050
120786435215630050
120786435215632050
120386475217430050
120386475217432050
120386475217430070
120386475217432070
120786435217430050
120786435217432050
120786435217630050
120786435217632050
124386075212430550
124386075212432550
124386075212430570
124386075212432570
124786035212430550
124786035212432550
124786035212630550
124786035212632550
124386075212430750
124386075212432750
124386075212430770
124386075212432770
124786035212430750
124786035212432750
124786035212630750
124786035212632750
520386471215430050
520386471215432050
520386471215430070
520386471215432070
520786431215430050
520786431215432050
520786431215630050
520786431215632050
520386471217430050
520386471217432050
520386471217430070
520386471217432070
520786431217430050
520786431217432050
520786431217630050
520786431217632050
524386071212430550
524386071212432550
524386071212430570
524386071212432570
524786031212430550
524786031212432550
524786031212630550
524786031212632550
524386071212430750
524386071212432750
524386071212430770
524386071212432770
524786031212430750
524786031212432750
524786031212630750
524786031212632750
102386475252430050
102386475252432050
102386475252430070
102386475252432070
102786435252430050
102786435252432050
102786435252630050
102786435252632050
102386475272430050
102386475272432050
102386475272430070
102386475272432070
102786435272430050
102786435272432050
102786435272630050
102786435272632050
142386075222430550
142386075222432550
142386075222430570
142386075222432570
142786035222430550
142786035222432550
142786035222630550
142786035222632550
142386075222430750
142386075222432750
142386075222430770
142386075222432770
142786035222430750
142786035222432750
142786035222630750
142786035222632750
502386471252430050
502386471252432050
502386471252430070
502386471252432070
502786431252430050
502786431252432050
502786431252630050
502786431252632050
502386471272430050
502386471272432050
502386471272430070
502386471272432070
502786431272430050
502786431272432050
502786431272630050
502786431272632050
542386071222430550
542386071222432550
542386071222430570
542386071222432570
542786031222430550
542786031222432550
542786031222630550
542786031222632550
542386071222430750
542386071222432750
542386071222430770
542386071222432770
542786031222430750
542786031222432750
542786031222630750
542786031222632750
120653478215004050
120653478215204050
120653478215004070
120653478215204070
120653478217004050
120653478217204050
120653478217004070
120653478217204070
831257064251214511
831257064251214531
831257064251216511
831257064251216531
871253064251214511
871253064251214531
871253064271214511
871253064271214531
831257064251214711
831257064251214731
831257064251216711
831257064251216731
871253064251214711
871253064251214731
871253064271214711
871253064271214731
831257460251214014
831257460251214034
831257460251216014
831257460251216034
871253460251214014
871253460251214034
871253460271214014
871253460271214034
831257460251214016
831257460251214036
831257460251216016
831257460251216036
871253460251214016
871253460251214036
871253460271214016
871253460271214036
871356024251420531
871356024251422531
871356024271420531
871356024271422531
871356024251420731
871356024251422731
871356024271420731
871356024271422731
135687024251014531
135687024251214531
135687024251016531
135687024251216531
175683024251014531
175683024251214531
175683024271014531
175683024271214531
135687024251014731
135687024251214731
135687024251016731
135687024251216731
175683024251014731
175683024251214731
175683024271014731
175683024271214731
135687420251014034
135687420251214034
135687420251016034
135687420251216034
175683420251014034
175683420251214034
175683420271014034
175683420271214034
135687420251014036
135687420251214036
135687420251016036
135687420251216036
175683420251014036
175683420251214036
175683420271014036
175683420271214036
531687024251014531
531687024251214531
531687024251016531
531687024251216531
571683024251014531
571683024251214531
571683024271014531
571683024271214531
531687024251014731
531687024251214731
531687024251016731
531687024251216731
571683024251014731
571683024251214731
571683024271014731
571683024271214731
531687420251014034
531687420251214034
531687420251016034
531687420251216034
571683420251014034
571683420251214034
571683420271014034
571683420271214034
531687420251014036
531687420251214036
531687420251016036
531687420251216036
571683420251014036
571683420251214036
571683420271014036
571683420271214036
135687204251014051
135687204251214051
135687204251016051
135687204251216051
175683204251014051
175683204251214051
175683204271014051
175683204271214051
135687204251014071
135687204251214071
135687204251016071
135687204251216071
175683204251014071
175683204251214071
175683204271014071
175683204271214071
135687240251014004
135687240251214004
135687240251016004
135687240251216004
175683240251014004
175683240251214004
175683240271014004
175683240271214004
135687240251014006
135687240251214006
135687240251016006
135687240251216006
175683240251014006
175683240251214006
175683240271014006
175683240271214006
531687204251014051
531687204251214051
531687204251016051
531687204251216051
571683204251014051
571683204251214051
571683204271014051
571683204271214051
531687204251014071
531687204251214071
531687204251016071
531687204251216071
571683204251014071
571683204251214071
571683204271014071
571683204271214071
531687240251014004
531687240251214004
531687240251016004
531687240251216004
571683240251014004
571683240251214004
571683240271014004
571683240271214004
531687240251014006
531687240251214006
531687240251016006
531687240251216006
571683240251014006
571683240251214006
571683240271014006
571683240271214006
830257461255214010
830257461255214030
830257461255216010
830257461255216030
870253461255214010
870253461255214030
870253461275214010
870253461275214030
830257461257214010
830257461257214030
830257461257216010
830257461257216030
870253461257214010
870253461257214030
870253461277214010
870253461277214030
834257061252214510
834257061252214530
834257061252216510
834257061252216530
874253061252214510
874253061252214530
874253061272214510
874253061272214530
834257061252214710
834257061252214730
834257061252216710
834257061252216730
874253061252214710
874253061252214730
874253061272214710
874253061272214730
130752468255420010
130752468255420030
130752468255620010
130752468255620030
170352468255420010
170352468255420030
170352468275420010
170352468275420030
130752468257420010
130752468257420030
130752468257620010
130752468257620030
170352468257420010
170352468257420030
170352468277420010
170352468277420030
134752068252420510
134752068252420530
134752068252620510
134752068252620530
174352068252420510
174352068252420530
174352068272420510
174352068272420530
134752068252420710
134752068252420730
134752068252620710
134752068252620730
174352068252420710
174352068252420730
174352068272420710
174352068272420730
130782465255420010
130782465255420030
130782465255620010
130782465255620030
170382465255420010
170382465255420030
170382465275420010
170382465275420030
130782465257420010
130782465257420030
130782465257620010
130782465257620030
170382465257420010
170382465257420030
170382465277420010
170382465277420030
134782065252420510
134782065252420530
134782065252620510
134782065252620530
174382065252420510
174382065252420530
174382065272420510
174382065272420530
134782065252420710
134782065252420730
134782065252620710
134782065252620730
174382065252420710
174382065252420730
174382065272420710
174382065272420730
530782461255420010
530782461255420030
530782461255620010
530782461255620030
570382461255420010
570382461255420030
570382461275420010
570382461275420030
530782461257420010
530782461257420030
530782461257620010
530782461257620030
570382461257420010
570382461257420030
570382461277420010
570382461277420030
534782061252420510
534782061252420530
534782061252620510
534782061252620530
574382061252420510
574382061252420530
574382061272420510
574382061272420530
534782061252420710
534782061252420730
534782061252620710
534782061252620730
574382061252420710
574382061252420730
574382061272420710
574382061272420730
130657824255014331
130657824255214331
130657824255016331
130657824255216331
170653824255014331
170653824255214331
170653824275014331
170653824275214331
130657824257014331
130657824257214331
130657824257016331
130657824257216331
170653824257014331
170653824257214331
170653824277014331
170653824277214331
134657820252014334
134657820252214334
134657820252016334
134657820252216334
174653820252014334
174653820252214334
174653820272014334
174653820272214334
134657820252014336
134657820252214336
134657820252016336
134657820252216336
174653820252014336
174653820252214336
174653820272014336
174653820272214336
130687524255014331
130687524255214331
130687524255016331
130687524255216331
170683524255014331
170683524255214331
170683524275014331
170683524275214331
130687524257014331
130687524257214331
130687524257016331
130687524257216331
170683524257014331
170683524257214331
170683524277014331
170683524277214331
134687520252014334
134687520252214334
134687520252016334
134687520252216334
174683520252014334
174683520252214334
174683520272014334
174683520272214334
134687520252014336
134687520252214336
134687520252016336
134687520252216336
174683520252014336
174683520252214336
174683520272014336
174683520272214336
530687124255014331
530687124255214331
530687124255016331
530687124255216331
570683124255014331
570683124255214331
570683124275014331
570683124275214331
530687124257014331
530687124257214331
530687124257016331
530687124257216331
570683124257014331
570683124257214331
570683124277014331
570683124277214331
534687120252014334
534687120252214334
534687120252016334
534687120252216334
574683120252014334
574683120252214334
574683120272014334
574683120272214334
534687120252014336
534687120252214336
534687120252016336
534687120252216336
574683120252014336
574683120252214336
574683120272014336
574683120272214336
