314586270022130354
314586270022132354
314586270022130374
314586270022132374
314586270022130356
314586270022132356
314586270022130376
314586270022132376
052837164022144311
052837164022144331
052837164022146311
052837164022146331
052837461022144010
052837461022144030
052837461022146010
052837461022146030
514386270122430354
514386270122432354
514386270122430374
514386270122432374
514386270122430356
514386270122432356
514386270122430376
514386270122432376
541386270231430354
541386270231432354
541386270231430374
541386270231432374
541386270231430356
541386270231432356
541386270231430376
541386270231432376
128356074211430551
128356074211432551
128356074211430571
128356074211432571
128356074211430751
128356074211432751
128356074211430771
128356074211432771
128356470211430054
128356470211432054
128356470211430074
128356470211432074
128356470211430056
128356470211432056
128356470211430076
128356470211432076
128653074211004551
128653074211204551
128653074211004571
128653074211204571
128657034211004551
128657034211204551
128657034211006551
128657034211206551
128653074211004751
128653074211204751
128653074211004771
128653074211204771
128657034211004751
128657034211204751
128657034211006751
128657034211206751
128653470211004054
128653470211204054
128653470211004074
128653470211204074
128657430211004054
128657430211204054
128657430211006054
128657430211206054
128653470211004056
128653470211204056
128653470211004076
128653470211204076
128657430211004056
128657430211204056
128657430211006056
128657430211206056
120653478214004050
120653478214204050
120653478214004070
120653478214204070
120653478216004050
120653478216204050
120653478216004070
120653478216204070
120653478215004050
120653478215204050
120653478215004070
120653478215204070
120653478217004050
120653478217204050
120653478217004070
120653478217204070
831057264251414311
831057264251414331
831057264251416311
831057264251416331
871053264251414311
871053264251414331
871053264271414311
871053264271414331
831057264251614311
831057264251614331
831057264251616311
831057264251616331
871053264251614311
871053264251614331
871053264271614311
871053264271614331
831057264251514311
831057264251514331
831057264251516311
831057264251516331
871053264251514311
871053264251514331
871053264271514311
871053264271514331
831057264251714311
831057264251714331
831057264251716311
831057264251716331
871053264251714311
871053264251714331
871053264271714311
871053264271714331
831257064251214511
831257064251214531
831257064251216511
831257064251216531
871253064251214511
871253064251214531
871253064271214511
871253064271214531
831257064251214711
831257064251214731
831257064251216711
831257064251216731
871253064251214711
871253064251214731
871253064271214711
871253064271214731
831257460251214014
831257460251214034
831257460251216014
831257460251216034
871253460251214014
871253460251214034
871253460271214014
871253460271214034
831257460251214016
831257460251214036
831257460251216016
831257460251216036
871253460251214016
871253460251214036
871253460271214016
871253460271214036
871356024251420431
871356024251422431
871356024271420431
871356024271422431
871356024251420631
871356024251422631
871356024271420631
871356024271422631
871356024251420531
871356024251422531
871356024271420531
871356024271422531
871356024251420731
871356024251422731
871356024271420731
871356024271422731
135687420251014034
135687420251214034
135687420251016034
135687420251216034
135687420251014036
135687420251214036
135687420251016036
135687420251216036
531687420251014034
531687420251214034
531687420251016034
531687420251216034
531687420251014036
531687420251214036
531687420251016036
531687420251216036
135687402251014040
135687402251214040
135687402251016040
135687402251216040
135687402251014060
135687402251214060
135687402251016060
135687402251216060
531687402251014040
531687402251214040
531687402251016040
531687402251216040
531687402251014060
531687402251214060
531687402251016060
531687402251216060
834057261252414310
834057261252414330
834057261252416310
834057261252416330
874053261252414310
874053261252414330
874053261272414310
874053261272414330
834057261252614310
834057261252614330
834057261252616310
834057261252616330
874053261252614310
874053261252614330
874053261272614310
874053261272614330
834057261252514310
834057261252514330
834057261252516310
834057261252516330
874053261252514310
874053261252514330
874053261272514310
874053261272514330
834057261252714310
834057261252714330
834057261252716310
834057261252716330
874053261252714310
874053261252714330
874053261272714310
874053261272714330
830257461255214010
830257461255214030
830257461255216010
830257461255216030
870253461255214010
870253461255214030
870253461275214010
870253461275214030
830257461257214010
830257461257214030
830257461257216010
830257461257216030
870253461257214010
870253461257214030
870253461277214010
870253461277214030
834257061252214510
834257061252214530
834257061252216510
834257061252216530
874253061252214510
874253061252214530
874253061272214510
874253061272214530
834257061252214710
834257061252214730
834257061252216710
834257061252216730
874253061252214710
874253061252214730
874253061272214710
874253061272214730
132750468251424010
132750468251424030
132750468251624010
132750468251624030
172350468251424010
172350468251424030
172350468271424010
172350468271424030
132750468251426010
132750468251426030
132750468251626010
132750468251626030
172350468251426010
172350468251426030
172350468271426010
172350468271426030
132750468251425010
132750468251425030
132750468251625010
132750468251625030
172350468251425010
172350468251425030
172350468271425010
172350468271425030
132750468251427010
132750468251427030
132750468251627010
132750468251627030
172350468251427010
172350468251427030
172350468271427010
172350468271427030
172380465251425010
172380465251425030
172380465271425010
172380465271425030
172380465251427010
172380465251427030
172380465271427010
172380465271427030
572380461251425010
572380461251425030
572380461271425010
572380461271425030
572380461251427010
572380461251427030
572380461271427010
572380461271427030
130752468255420010
130752468255420030
130752468255620010
130752468255620030
170352468255420010
170352468255420030
170352468275420010
170352468275420030
130752468257420010
130752468257420030
130752468257620010
130752468257620030
170352468257420010
170352468257420030
170352468277420010
170352468277420030
134752068252420510
134752068252420530
134752068252620510
134752068252620530
134752068252420710
134752068252420730
134752068252620710
134752068252620730
170382465255420010
170382465255420030
170382465275420010
170382465275420030
170382465257420010
170382465257420030
170382465277420010
170382465277420030
570382461255420010
570382461255420030
570382461275420010
570382461275420030
570382461257420010
570382461257420030
570382461277420010
570382461277420030
170653824255014331
170653824255214331
170653824275014331
170653824275214331
170653824257014331
170653824257214331
170653824277014331
170653824277214331
134657820252014334
134657820252214334
134657820252016334
134657820252216334
174653820252014334
174653820252214334
174653820272014334
174653820272214334
134657820252014336
134657820252214336
134657820252016336
134657820252216336
174653820252014336
174653820252214336
174653820272014336
174653820272214336
134687520252014334
134687520252214334
134687520252016334
134687520252216334
134687520252014336
134687520252214336
134687520252016336
134687520252216336
534687120252014334
534687120252214334
534687120252016334
534687120252216334
534687120252014336
534687120252214336
534687120252016336
534687120252216336
134657802252014340
134657802252214340
134657802252016340
134657802252216340
174653802252014340
174653802252214340
174653802272014340
174653802272214340
134657802252014360
134657802252214360
134657802252016360
134657802252216360
174653802252014360
174653802252214360
174653802272014360
174653802272214360
130687542255014310
130687542255214310
130687542255016310
130687542255216310
130687542257014310
130687542257214310
130687542257016310
130687542257216310
134687502252014340
134687502252214340
134687502252016340
134687502252216340
134687502252014360
134687502252214360
134687502252016360
134687502252216360
530687142255014310
530687142255214310
530687142255016310
530687142255216310
530687142257014310
530687142257214310
530687142257016310
530687142257216310
534687102252014340
534687102252214340
534687102252016340
534687102252216340
534687102252014360
534687102252214360
534687102252016360
534687102252216360
134657802252014350
134657802252214350
134657802252016350
134657802252216350
174653802252014350
174653802252214350
174653802272014350
174653802272214350
134657802252014370
134657802252214370
134657802252016370
134657802252216370
174653802252014370
174653802252214370
174653802272014370
174653802272214370
160487352215004420
160487352235004420
160487352215006420
160487352235006420
160487352217004420
160487352237004420
160487352217006420
160487352237006420
