081537264021144311
310586274025132371
310586274027132371
314586270022132374
314586270022132376
052837164022144311
084537261022144310
052837461022144010
805632174102052371
805632471102052070
803752164104622311
803752461104622010
185630472202054071
185630472202056071
185630472202055071
185630472202057071
185632074202052571
185632074202052771
185632470202052074
185632470202052076
510386274125432371
510386274127432371
514386270122432374
514386270122432376
850632174134052371
850632174136052371
850632174135052371
850632174137052371
850632471134052070
850632471136052070
850632471135052070
850632471137052070
183750462204624011
183750462204626011
183750462204625011
183750462204627011
183752064204622511
183752064204622711
183752460204622014
183752460204622016
521837064331144511
521837064331144711
521837460331144014
521837460331144016
501386274241432371
501386274261432371
541386270231432374
541386270231432376
125386074211432571
125786034211632551
125386074211432771
125786034211632751
125386470211432074
125786430211632054
125386470211432076
125786430211632056
128356074211432571
128756034211632551
128356074211432771
128756034211632751
128356470211432074
128756430211632054
128356470211432076
128756430211632056
521386074211432571
521786034211632551
521386074211432771
521786034211632751
521386470211432074
521786430211632054
521386470211432076
521786430211632056
128653074211004571
128657034211004551
128653074211004771
128657034211004751
128653470211004074
128657430211004054
128653470211004076
128657430211004056
502837461342144010
502837461362144010
520837461335144010
520837461337144010
524837061332144510
524837061332144710
502837461352144010
502837461372144010
120386574215432371
120786534215632351
120386574217432371
120786534217632351
124386570212432374
124786530212632354
124386570212432376
124786530212632356
520386174215432371
520786134215632351
520386174217432371
520786134217632351
524386170212432374
524786130212632354
524386170212432376
524786130212632356
102386574252432371
102786534252632351
102386574272432371
102786534272632351
142386570222432374
142786530222632354
142386570222432376
142786530222632356
502386174252432371
502786134252632351
502386174272432371
502786134272632351
542386170222432374
542786130222632354
542386170222432376
542786130222632356
504386271242432370
504386271262432370
540386271235432370
540386271237432370
120386475215432070
120786435215632050
120386475217432070
120786435217632050
124386075212432570
124786035212632550
124386075212432770
124786035212632750
520386471215432070
520786431215632050
520386471217432070
520786431217632050
524386071212432570
524786031212632550
524386071212432770
524786031212632750
102386475252432070
102786435252632050
102386475272432070
102786435272632050
142386075222432570
142786035222632550
142386075222432770
142786035222632750
502386471252432070
502786431252632050
502386471272432070
502786431272632050
542386071222432570
542786031222632550
542386071222432770
542786031222632750
120653478214004070
120653478216004070
120653478215004070
120653478217004070
831057264251414311
871053264251414311
831057264251614311
871053264251614311
831057264251514311
871053264251514311
831057264251714311
871053264251714311
831257064251214511
871253064251214511
831257064251214711
871253064251214711
831257460251214014
871253460251214014
831257460251214016
871253460251214016
871356024251422431
871356024251422631
871356024251422531
871356024251422731
135687024251014531
175683024251014531
135687024251014731
175683024251014731
135687420251014034
175683420251014034
135687420251014036
175683420251014036
531687024251014531
571683024251014531
531687024251014731
571683024251014731
531687420251014034
571683420251014034
531687420251014036
571683420251014036
135687042251014510
175683042251014510
135687042251014710
175683042251014710
135687402251014040
175683402251014040
135687402251014060
175683402251014060
531687042251014510
571683042251014510
531687042251014710
571683042251014710
531687402251014040
571683402251014040
531687402251014060
571683402251014060
135687204251014051
175683204251014051
135687204251014071
175683204251014071
135687240251014004
175683240251014004
135687240251014006
175683240251014006
531687204251014051
571683204251014051
531687204251014071
571683204251014071
531687240251014004
571683240251014004
531687240251014006
571683240251014006
834057261252414310
874053261252414310
834057261252614310
874053261252614310
834057261252514310
874053261252514310
834057261252714310
874053261252714310
830257461255214010
870253461255214010
830257461257214010
870253461257214010
834257061252214510
874253061252214510
834257061252214710
874253061252214710
132750468251624010
172350468251424010
132750468251626010
172350468251426010
132750468251625010
172350468251425010
132750468251627010
172350468251427010
132780465251625010
172380465251425010
132780465251627010
172380465251427010
132784065251622510
172384065251422510
132784065251622710
172384065251422710
532780461251625010
572380461251425010
532780461251627010
572380461251427010
532784061251622510
572384061251422510
532784061251622710
572384061251422710
130752468255620010
170352468255420010
130752468257620010
170352468257420010
134752068252620510
174352068252420510
134752068252620710
174352068252420710
130782465255620010
170382465255420010
130782465257620010
170382465257420010
134782065252620510
174382065252420510
134782065252620710
174382065252420710
530782461255620010
570382461255420010
530782461257620010
570382461257420010
534782061252620510
574382061252420510
534782061252620710
574382061252420710
172685043251013515
172685043251013715
172685403251013045
172685403251013065
170658423255013015
170658423257013015
174658023252013515
174658023252013715
174658203252013045
174658203252013065
174658203252013055
174658203252013075
172683540251014314
172683540251014316
572683140251014314
572683140251014316
172683540251014315
172683540251014317
572683140251014315
572683140251014317
130657824255014331
170653824255014331
130657824257014331
170653824257014331
134657820252014334
174653820252014334
134657820252014336
174653820252014336
130687524255014331
170683524255014331
130687524257014331
170683524257014331
134687520252014334
174683520252014334
134687520252014336
174683520252014336
530687124255014331
570683124255014331
530687124257014331
570683124257014331
534687120252014334
574683120252014334
534687120252014336
574683120252014336
134657802252014340
174653802252014340
134657802252014360
174653802252014360
130687542255014310
170683542255014310
130687542257014310
170683542257014310
134687502252014340
174683502252014340
134687502252014360
174683502252014360
530687142255014310
570683142255014310
530687142257014310
570683142257014310
534687102252014340
574683102252014340
534687102252014360
574683102252014360
134657802252014350
174653802252014350
134657802252014370
174653802252014370
160257384235004421
160257384237004421
164257380232004424
164257380232004426
160487352235004420
160487352237004420
164087352232504420
164087352232704420
