201854736454434051
201854736455434051
201854736456434051
201854736457434051
201856734454431054
201856734455431054
201856734456431054
201856734457431054
271854036424434751
271854036425434751
271854036426434751
271854036427434751
271856034424431754
271856034425431754
271856034426431754
271856034427431754
501324786254454051
501324786255454051
501324786256454051
501324786257454051
501326784254451054
501326784255451054
501326784256451054
501326784257451054
501824736254454051
501824736255454051
501824736256454051
501824736257454051
501826734254451054
501826734255451054
501826734256451054
501826734257451054
571324086224454751
571324086225454751
571324086226454751
571324086227454751
571326084224451754
571326084225451754
571326084226451754
571326084227451754
571824036224454751
571824036225454751
571824036226454751
571824036227454751
571826034224451754
571826034225451754
571826034226451754
571826034227451754
280753146455014450
280753146455014550
280753146455014650
280753146455014750
280753164455014405
280753164455014505
280753164455014605
280753164455014705
287053146452714450
287053146452714550
287053146452714650
287053146452714750
287053164452714405
287053164452714505
287053164452714605
287053164452714705
530728146255074450
530728146255074550
530728146255074650
530728146255074750
530728164255074405
530728164255074505
530728164255074605
530728164255074705
580723146255074450
580723146255074550
580723146255074650
580723146255074750
580723164255074405
580723164255074505
580723164255074605
580723164255074705
537028146252774450
537028146252774550
537028146252774650
537028146252774750
537028164252774405
537028164252774505
537028164252774605
537028164252774705
587023146252774450
587023146252774550
587023146252774650
587023146252774750
587023164252774405
587023164252774505
587023164252774605
587023164252774705
280357461455421504
280357461455421505
280357461455421506
280357461455421507
280357641455421054
280357641455421055
280357641455421056
280357641455421057
287350461452424504
287350461452424505
287350461452424506
287350461452424507
287350641452424054
287350641452424055
287350641452424056
287350641452424057
530827461255441504
530827461255441505
530827461255441506
530827461255441507
530827641255441054
530827641255441055
530827641255441056
530827641255441057
580327461255441504
580327461255441505
580327461255441506
580327461255441507
580327641255441054
580327641255441055
580327641255441056
580327641255441057
537820461252444504
537820461252444505
537820461252444506
537820461252444507
537820641252444054
537820641252444055
537820641252444056
537820641252444057
587320461252444504
587320461252444505
587320461252444506
587320461252444507
587320641252444054
587320641252444055
587320641252444056
587320641252444057
234856071454421714
234856071454421715
234856071454421716
234856071454421717
236854071451424714
236854071451424715
236854071451424716
236854071451424717
234856701454421044
234856701454421045
234856701454421046
234856701454421047
236854701451424044
236854701451424045
236854701451424046
236854701451424047
534826071254441714
534826071254441715
534826071254441716
534826071254441717
536824071251444714
536824071251444715
536824071251444716
536824071251444717
584326071254441714
584326071254441715
584326071254441716
584326071254441717
586324071251444714
586324071251444715
586324071251444716
586324071251444717
534826701254441044
534826701254441045
534826701254441046
534826701254441047
536824701251444044
536824701251444045
536824701251444046
536824701251444047
584326701254441044
584326701254441045
584326701254441046
584326701254441047
586324701251444044
586324701251444045
586324701251444046
586324701251444047
