035816427004127135
035816427004127137
053816427040127135
053816427040127137
305816427004127135
305816427004127137
350816427040127135
350816427040127137
503816427400127135
503816427400127137
530816427400127135
530816427400127137
035817426004127107
053817426040127107
305817426004127107
350817426040127107
503817426400127107
530817426400127107
035187246004125037
035187246004127037
035816427004127035
035816427004127037
053187246040125037
053187246040127037
053816427040127035
053816427040127037
305187246004125037
305187246004127037
305816427004127035
305816427004127037
350187246040125037
350187246040127037
350816427040127035
350816427040127037
503187246400125037
503187246400127037
503816427400127035
503816427400127037
530187246400125037
530187246400127037
530816427400127035
530816427400127037
035187246004125007
035187246004127007
035817426004127007
053187246040125007
053187246040127007
053817426040127007
305187246004125007
305187246004127007
305817426004127007
350187246040125007
350187246040127007
350817426040127007
503187246400125007
503187246400127007
503817426400127007
530187246400125007
530187246400127007
530817426400127007
035168274004271351
035168274004271371
035178264004271351
035861472004271151
035861472004271171
035871462004251351
035871462004271351
053168274040271351
053168274040271371
053178264040271351
053861472040271151
053861472040271171
053871462040251351
053871462040271351
305168274004271351
305168274004271371
305178264004271351
305861472004271151
305861472004271171
305871462004251351
305871462004271351
350168274040271351
350168274040271371
350178264040271351
350861472040271151
350861472040271171
350871462040251351
350871462040271351
503168274400271351
503168274400271371
503178264400271351
503861472400271151
503861472400271171
503871462400251351
503871462400271351
530168274400271351
530168274400271371
530178264400271351
530861472400271151
530861472400271171
530871462400251351
530871462400271351
035168274004271350
035168274004271370
035871462004251370
035871462004271370
053168274040271350
053168274040271370
053871462040251370
053871462040271370
305168274004271350
305168274004271370
305871462004251370
305871462004271370
350168274040271350
350168274040271370
350871462040251370
350871462040271370
503168274400271350
503168274400271370
503871462400251370
503871462400271370
530168274400271350
530168274400271370
530871462400251370
530871462400271370
035168274004271050
035168274004271070
035861472004271050
035871462004251070
035871462004271070
053168274040271050
053168274040271070
053861472040271050
053871462040251070
053871462040271070
305168274004271050
305168274004271070
305861472004271050
305871462004251070
305871462004271070
350168274040271050
350168274040271070
350861472040271050
350871462040251070
350871462040271070
503168274400271050
503168274400271070
503861472400271050
503871462400251070
503871462400271070
530168274400271050
530168274400271070
530861472400271050
530871462400251070
530871462400271070
035781642004512510
035781642004712510
053781642040512510
053781642040712510
305781642004512510
305781642004712510
350781642040512510
350781642040712510
503781642400512510
503781642400712510
530781642400512510
530781642400712510
035781642004512521
035781642004712521
053781642040512521
053781642040712521
305781642004512521
305781642004712521
350781642040512521
350781642040712521
503781642400512521
503781642400712521
530781642400512521
530781642400712521
031856472002146151
031856472002146171
051836472042106151
051836472042106171
301856472002146151
301856472002146171
351806472042106151
351806472042106171
501836472402106151
501836472402106171
531806472402106151
531806472402106171
031856472002146051
031856472002146071
031857462002144051
051836472042106051
051836472042106071
051837462042104051
301856472002146051
301856472002146071
301857462002144051
351806472042106051
351806472042106071
351807462042104051
501836472402106051
501836472402106071
501837462402104051
531806472402106051
531806472402106071
531807462402104051
051386724042514531
051386724042514731
051386724042516531
051386724042516731
051386742042516531
051386742042516731
501386724402514531
501386724402514731
501386724402516531
501386724402516731
501386742402516531
501386742402516731
051386724042516532
051386724042516732
051783642042514510
051783642042714510
501386724402516532
501386724402516732
501783642402514510
501783642402714510
051786324042514501
051786324042516501
051786324042714501
051786324042716501
051783642042514521
051783642042714521
051687342042514501
501786324402514501
501786324402516501
501786324402714501
501786324402716501
501783642402514521
501783642402714521
501687342402514501
051786324042516502
051786324042716502
501786324402516502
501786324402716502
031672584002551421
031672584002571421
031762584002551421
031762584002751421
051672384042551021
051672384042571021
051762384042551021
051762384042751021
301672584002551421
301672584002571421
301762584002551421
301762584002751421
351672084042551021
351672084042571021
351762084042551021
351762084042751021
501672384402551021
501672384402571021
501762384402551021
501762384402751021
531672084402551021
531672084402571021
531762084402551021
531762084402751021
031672584002551422
031672584002571422
031762584002551422
031762584002751422
051672384042551022
051672384042571022
051762384042551022
051762384042751022
301672584002551422
301672584002571422
301762584002551422
301762584002751422
351672084042551022
351672084042571022
351762084042551022
351762084042751022
501672384402551022
501672384402571022
501762384402551022
501762384402751022
531672084402551022
531672084402571022
531762084402551022
531762084402751022
031672584002550421
031672584002570421
031762584002550421
031762584002570421
031762584002750421
031762584002770421
051672384042550021
051672384042570021
051762384042550021
051762384042570021
051762384042750021
051762384042770021
301672584002550421
301672584002570421
301762584002550421
301762584002570421
301762584002750421
301762584002770421
351672084042550021
351672084042570021
351762084042550021
351762084042570021
351762084042750021
351762084042770021
501672384402550021
501672384402570021
501762384402550021
501762384402570021
501762384402750021
501762384402770021
531672084402550021
531672084402570021
531762084402550021
531762084402570021
531762084402750021
531762084402770021
031672584002550422
031672584002570422
031762584002570422
031762584002770422
051672384042550022
051672384042570022
051762384042570022
051762384042770022
301672584002550422
301672584002570422
301762584002570422
301762584002770422
351672084042550022
351672084042570022
351762084042570022
351762084042770022
501672384402550022
501672384402570022
501762384402570022
501762384402770022
531672084402550022
531672084402570022
531762084402570022
531762084402770022
051672834042551251
051672834042571251
051762834042551251
051762834042751251
051364872042553251
051364872042553271
051634872042553251
051634872042553271
501672834402551251
501672834402571251
501762834402551251
501762834402751251
501364872402553251
501364872402553271
501634872402553251
501634872402553271
051672834042551252
051672834042571252
051762834042551252
051762834042751252
051364872042553250
051364872042553270
051634872042553250
051634872042553270
501672834402551252
501672834402571252
501762834402551252
501762834402751252
501364872402553250
501364872402553270
501634872402553250
501634872402553270
051362874042550251
051362874042550271
051372864042570251
051632874042550251
051632874042550271
051672834042550251
051672834042570251
051732864042750251
051762834042550251
051762834042570251
051762834042750251
051762834042770251
501362874402550251
501362874402550271
501372864402570251
501632874402550251
501632874402550271
501672834402550251
501672834402570251
501732864402750251
501762834402550251
501762834402570251
501762834402750251
501762834402770251
051672834042550252
051672834042570252
051762834042570252
051762834042770252
051362874042550250
051362874042550270
051632874042550250
051632874042550270
501672834402550252
501672834402570252
501762834402570252
501762834402770252
501362874402550250
501362874402550270
501632874402550250
501632874402550270
037512648004421530
037512648006421530
037584621006421530
057312648044021530
057312648046021530
057384621046021530
307512648004421530
307512648006421530
307584621006421530
357012648044021530
357012648046021530
357084621046021530
507312648404021530
507312648406021530
507384621406021530
537012648404021530
537012648406021530
537084621406021530
037512648004421520
037512648006421520
037582641004421520
037582641006421520
057312648044021520
057312648046021520
057382641044021520
057382641046021520
307512648004421520
307512648006421520
307582641004421520
307582641006421520
357012648044021520
357012648046021520
357082641044021520
357082641046021520
507312648404021520
507312648406021520
507382641404021520
507382641406021520
537012648404021520
537012648406021520
537082641404021520
537082641406021520
037512648004420530
037512648006420530
037582641004420510
037582641006420510
036584721004420510
036584721004420710
036584721004420530
036584721004420730
057312648044020530
057312648046020530
057382641044020510
057382641046020510
056384721044020510
056384721044020710
056384721044020530
056384721044020730
307512648004420530
307512648006420530
307582641004420510
307582641006420510
306584721004420510
306584721004420710
306584721004420530
306584721004420730
357012648044020530
357012648046020530
357082641044020510
357082641046020510
356084721044020510
356084721044020710
356084721044020530
356084721044020730
507312648404020530
507312648406020530
507382641404020510
507382641406020510
506384721404020510
506384721404020710
506384721404020530
506384721404020730
537012648404020530
537012648406020530
537082641404020510
537082641406020510
536084721404020510
536084721404020710
536084721404020530
536084721404020730
053172864044251351
053172864044271351
057132864044251351
057132864046251351
053164872044251351
053164872044251371
053164872044271351
053164872044271371
056134872044251351
056134872044251371
056174832044271351
057164832046271351
053174862044273351
057134862044253351
057832164044251351
057832164046251351
053864172044271351
053864172044271371
053874162044251371
056874132044251351
056874132044271351
057864132046251351
057864132046271351
053874162044253351
053874162044273351
057834162044253351
057834162046253351
503172864404251351
503172864404271351
507132864404251351
507132864406251351
503164872404251351
503164872404251371
503164872404271351
503164872404271371
506134872404251351
506134872404251371
506174832404271351
507164832406271351
503174862404273351
507134862404253351
507832164404251351
507832164406251351
503864172404271351
503864172404271371
503874162404251371
506874132404251351
506874132404271351
507864132406251351
507864132406271351
503874162404253351
503874162404273351
507834162404253351
507834162406253351
053172864044251352
053172864044271352
057132864044251352
057132864046251352
053174862044273370
056174832044253350
056174832044273350
057134862044253370
057164832044253350
057164832044273350
057164832046253350
057164832046273350
057832164044251352
057832164046251352
053874162044253370
053874162044273370
057834162044253370
057834162046253370
057864132044273350
057864132046273350
503172864404251352
503172864404271352
507132864404251352
507132864406251352
503174862404273370
506174832404253350
506174832404273350
507134862404253370
507164832404253350
507164832404273350
507164832406253350
507164832406273350
507832164404251352
507832164406251352
503874162404253370
503874162404273370
507834162404253370
507834162406253370
507864132404273350
507864132406273350
053162874044272350
053162874044272370
057132864044250352
057132864046250352
057162834044270352
057162834046270352
057162834044250350
057162834046250350
053164872044252350
053164872044252370
053164872044272350
053164872044272370
056134872044250350
056134872044250370
056174832044250350
056174832044270350
053872164044252370
053872164044272370
057832164044250370
057832164046250370
057862134044270350
057862134046270350
053864172044272350
053874162044252370
053874162044272370
056874132044250350
056874132044270350
503162874404272350
503162874404272370
507132864404250352
507132864406250352
507162834404270352
507162834406270352
507162834404250350
507162834406250350
503164872404252350
503164872404252370
503164872404272350
503164872404272370
506134872404250350
506134872404250370
506174832404250350
506174832404270350
503872164404252370
503872164404272370
507832164404250370
507832164406250370
507862134404270350
507862134406270350
503864172404272350
503874162404252370
503874162404272370
506874132404250350
506874132404270350
056874213044251314
056874213044271314
057864213046251314
053874216044253316
053874216044273316
057834216044253316
057834216046253316
506874213404251314
506874213404271314
507864213406251314
503874216404253316
503874216404273316
507834216404253316
507834216406253316
057864213046271014
507864213406271014
053874216044252316
053874216044272316
056834217044250314
056834217044250316
056874213044250314
056874213044270314
503874216404252316
503874216404272316
506834217404250314
506834217404250316
506874213404250314
506874213404270314
057162438044251350
057162438046251350
053164278044273350
053164278044273370
056134278044253350
056134278044253370
057832461044251150
057832461046251150
056874231044251350
056874231044271350
057864231046251350
053874261044253350
053874261044273350
057834261044253350
057834261046253350
507162438404251350
507162438406251350
503164278404273350
503164278404273370
506134278404253350
506134278404253370
507832461404251150
507832461406251150
506874231404251350
506874231404271350
507864231406251350
503874261404253350
503874261404273350
507834261404253350
507834261406253350
057132468044251070
057162438044251050
057162438046251050
053164278044251050
053164278044251070
053164278044271050
053164278044271070
056134278044251050
056134278044251070
056174238044271050
057164238046271050
053174268044273050
057134268044253050
057832461044251050
057832461046251050
053874261044251050
057834261046251050
057864231046271050
507132468404251070
507162438404251050
507162438406251050
503164278404251050
503164278404251070
503164278404271050
503164278404271070
506134278404251050
506134278404251070
506174238404271050
507164238406271050
503174268404273050
507134268404253050
507832461404251050
507832461406251050
503874261404251050
507834261406251050
507864231406271050
057132468044250350
057132468046250350
057162438044270350
057162438046270350
053164278044252350
053164278044252370
053164278044272350
053164278044272370
056134278044250350
056134278044250370
053872461044252150
053872461044272150
053872461044252370
053872461044272370
057832461044250150
057832461046250150
057862431044270150
057862431046270150
057832461044250370
057832461046250370
056834271044250350
056834271044250370
056874231044250350
056874231044270350
507132468404250350
507132468406250350
507162438404270350
507162438406270350
503164278404252350
503164278404252370
503164278404272350
503164278404272370
506134278404250350
506134278404250370
503872461404252150
503872461404272150
503872461404252370
503872461404272370
507832461404250150
507832461406250150
507862431404270150
507862431406270150
507832461404250370
507832461406250370
506834271404250350
506834271404250370
506874231404250350
506874231404270350
053172684044251621
053172684044271621
057132684044251621
057132684046251621
057162384044251421
057162384046251421
053864712044271421
053864712044271621
053874612044251621
056874312044251421
056874312044271421
057834612046251621
057864312046251421
503172684404251621
503172684404271621
507132684404251621
507132684406251621
507162384404251421
507162384406251421
503864712404271421
503864712404271621
503874612404251621
506874312404251421
506874312404271421
507834612406251621
507864312406251421
053172684044251622
053172684044271622
057132684044251622
057132684046251622
057162384044251422
057162384046251422
503172684404251622
503172684404271622
507132684404251622
507132684406251622
507162384404251422
507162384406251422
053162784044272421
053172684044252621
053172684044272621
057132684044250621
057132684046250621
057162384044250421
057162384044270421
057162384046250421
057162384046270421
053864712044272421
053864712044272621
056874312044250421
056874312044270421
503162784404272421
503172684404252621
503172684404272621
507132684404250621
507132684406250621
507162384404250421
507162384404270421
507162384406250421
507162384406270421
503864712404272421
503864712404272621
506874312404250421
506874312404270421
057132684044250622
057132684046250622
057162384044270422
057162384046270422
507132684404250622
507132684406250622
507162384404270422
507162384406270422
056317824044514231
056317824044516231
057316824044514231
057316824044516231
057316824046514231
057316824046516231
056317842044514231
056317842044516231
057316842044516231
057316842046516231
056387124044514231
056387124044516231
057386124044514231
057386124044516231
057386124046514231
057386124046516231
056387142044514231
056387142044516231
057386142044516231
057386142046516231
506317824404514231
506317824404516231
507316824404514231
507316824404516231
507316824406514231
507316824406516231
506317842404514231
506317842404516231
507316842404516231
507316842406516231
506387124404514231
506387124404516231
507386124404514231
507386124404516231
507386124406514231
507386124406516231
506387142404514231
506387142404516231
507386142404516231
507386142406516231
056317824044514232
056317824044516232
057316824044516232
057316824046516232
053617842044514210
053617842044516210
057613842044514210
057613842046514210
056387124044514232
056387124044516232
057386124044516232
057386124046516232
506317824404514232
506317824404516232
507316824404516232
507316824406516232
503617842404514210
503617842404516210
507613842404514210
507613842406514210
506387124404514232
506387124404516232
507386124404516232
507386124406516232
053617842044514221
053617842044516221
056317842044514221
056317842044516221
057316842044516221
057316842046516221
057613842044514221
057613842046514221
503617842404514221
503617842404516221
506317842404514221
506317842404516221
507316842404516221
507316842406516221
507613842404514221
507613842406514221
053617842044514220
053617842044516220
057613842044514220
057613842046514220
503617842404514220
503617842404516220
507613842404514220
507613842406514220
018536724021446511
018536724021446711
018563724021464511
018563724021464711
018536724021446731
018537624021444531
018537624021446531
018563724021444531
018563724021444731
018563724021464531
018563724021464731
018567324021464531
018567324021466531
018573624021444531
018573624021464531
018576324021446531
018537642021444531
018537642021446531
018567342021464531
018567342021466531
081536724021444511
081536724021444711
081536724021444531
081536724021444731
081536724021446531
081536724021446731
081563724021444531
081563724021444731
081573624021444531
081573624021464531
081576324021444531
081576324021446531
081576324021464531
081576324021466531
081536742021446531
081536742021446731
081563742021444531
081563742021444731
081573642021444531
081573642021464531
081576342021446531
081576342021466531
518036724421046511
518036724421046711
518063724421064511
518063724421064711
518036724421046731
518037624421044531
518037624421046531
518063724421044531
518063724421044731
518063724421064531
518063724421064731
518067324421064531
518067324421066531
518073624421044531
518073624421064531
518076324421046531
518037642421044531
518037642421046531
518067342421064531
518067342421066531
581036724421044511
581036724421044711
581036724421044531
581036724421044731
581036724421046531
581036724421046731
581063724421044531
581063724421044731
581073624421044531
581073624421064531
581076324421044531
581076324421046531
581076324421064531
581076324421066531
581036742421046531
581036742421046731
581063742421044531
581063742421044731
581073642421044531
581073642421064531
581076342421046531
581076342421066531
018536724021446510
018536724021446710
018563724021464510
018563724021464710
018537624021444532
018537624021446532
018567324021464532
018567324021466532
018537642021444510
018537642021446510
018567342021444510
018567342021446510
018567342021464510
018567342021466510
081536724021444510
081536724021444710
081536724021446532
081536724021446732
081563724021444532
081563724021444732
081573624021444532
081573624021464532
081576324021446532
081576324021466532
081536742021446510
081537642021444510
081537642021446510
081563742021444510
081567342021444510
081567342021446510
081573642021444510
081573642021464510
081576342021466510
518036724421046510
518036724421046710
518063724421064510
518063724421064710
518037624421044532
518037624421046532
518067324421064532
518067324421066532
518037642421044510
518037642421046510
518067342421044510
518067342421046510
518067342421064510
518067342421066510
581036724421044510
581036724421044710
581036724421046532
581036724421046732
581063724421044532
581063724421044732
581073624421044532
581073624421064532
581076324421046532
581076324421066532
581036742421046510
581037642421044510
581037642421046510
581063742421044510
581067342421044510
581067342421046510
581073642421044510
581073642421064510
581076342421066510
018567324021444502
018567324021446502
018576324021446500
018576324021466500
018537642021444520
018537642021446520
018567342021444500
018567342021446500
018567342021464500
018567342021466500
081576324021446502
081576324021466502
081576324021444500
081576324021464500
081537642021444520
081537642021446520
081573642021444520
081573642021464520
081567342021444500
081567342021446500
081576342021446500
518067324421044502
518067324421046502
518076324421046500
518076324421066500
518037642421044520
518037642421046520
518067342421044500
518067342421046500
518067342421064500
518067342421066500
581076324421046502
581076324421066502
581076324421044500
581076324421064500
581037642421044520
581037642421046520
581073642421044520
581073642421064520
581067342421044500
581067342421046500
581076342421046500
018724563021511464
018724563021711464
018724563021731464
018324576021533446
018324576021533466
081724563021511464
081724563021711464
081724536021513446
081724536021713446
081724563021731464
081724536021533446
081724536021733446
081642573021511444
081642573021511464
081742563021531464
081742563021731464
518724063421511064
518724063421711064
518724063421731064
518324076421533046
518324076421533066
581724063421511064
581724063421711064
581724036421513046
581724036421713046
581724063421731064
581724036421533046
581724036421733046
581642073421511044
581642073421511064
581742063421531064
581742063421731064
018624537021530444
018624537021530446
081724536021512446
081724536021712446
081724563021512464
081724563021712464
081324576021532446
081324576021532466
081642537021512444
081642537021512446
081342567021510464
081342567021510466
081342576021510446
081342576021510466
081342567021532464
081342567021532466
081742536021530446
081742536021730446
081742563021530464
081742563021730464
518624037421530044
518624037421530046
581724036421512046
581724036421712046
581724063421512064
581724063421712064
581324076421532046
581324076421532066
581642037421512044
581642037421512046
581342067421510064
581342067421510066
581342076421510046
581342076421510066
581342067421532064
581342067421532066
581742036421530046
581742036421730046
581742063421530064
581742063421730064
018324576021520446
018324576021520466
018624573021500444
018624573021500464
018724563021500464
018724563021700464
081324576021522446
081324576021522466
081324576021520446
081324576021520466
081624573021500444
081624573021500464
081724563021500464
081724563021700464
081342567021522464
081342567021522466
081642537021522444
081642537021522446
518324076421520046
518324076421520066
518624073421500044
518624073421500064
518724063421500064
518724063421700064
581324076421522046
581324076421522066
581324076421520046
581324076421520066
581624073421500044
581624073421500064
581724063421500064
581724063421700064
581342067421522064
581342067421522066
581642037421522044
581642037421522046
012356874031044251
012356874031044271
012357864031046251
012536874031404251
012536874031404271
012537864031406251
312056874031044251
312056874031044271
312057864031046251
312506874031404251
312506874031404271
312507864031406251
512036874431004251
512036874431004271
512037864431006251
512306874431004251
512306874431004271
512307864431006251
012356874031044250
012356874031044270
012536874031404250
012536874031404270
312056874031044250
312056874031044270
312506874031404250
312506874031404270
512036874431004250
512036874431004270
512306874431004250
512306874431004270
012356874032046251
012356874032046271
012357864032044251
012357864032046251
014356872032046251
014356872032046271
012536874032406251
012536874032406271
012537864032404251
012537864032406251
014536872032406251
014536872032406271
312056874032046251
312056874032046271
312057864032044251
312057864032046251
314056872032046251
314056872032046271
312506874032406251
312506874032406271
312507864032404251
312507864032406251
314506872032406251
314506872032406271
512036874432006251
512036874432006271
512037864432004251
512037864432006251
514036872432006251
514036872432006271
512306874432006251
512306874432006271
512307864432004251
512307864432006251
514306872432006251
514306872432006271
012356874032046250
012356874032046270
014356872032046250
014356872032046270
012536874032406250
012536874032406270
014536872032406250
014536872032406270
312056874032046250
312056874032046270
314056872032046250
314056872032046270
312506874032406250
312506874032406270
314506872032406250
314506872032406270
512036874432006250
512036874432006270
514036872432006250
514036872432006270
512306874432006250
512306874432006270
514306872432006250
514306872432006270
014568723023463515
014568723023463715
014538627023443535
014538627023443537
014568327023463535
014568327023463537
514068723423063515
514068723423063715
514038627423043535
514038627423043537
514068327423063535
514068327423063537
014568327023443505
014568327023443507
014578326023443507
514068327423043505
514068327423043507
514078326423043507
014568723022463515
014568723022463715
014538627022443535
014538627022443537
014568327022463535
014568327022463537
084561723022463515
084561723022463715
084531627022443535
084531627022443537
084561327022463535
084561327022463537
514068723422063515
514068723422063715
514038627422043535
514038627422043537
514068327422063535
514068327422063537
584061723422063515
584061723422063715
584031627422043535
584031627422043537
584061327422063535
584061327422063537
014568327022443505
014568327022443507
014578326022443507
084561327022443505
084561327022443507
084571326022463507
514068327422043505
514068327422043507
514078326422043507
584061327422043505
584061327422043507
584071326422063507
012563748021444530
012563748021444730
012573648021444530
012573648021464530
084536721021444510
084536721021444710
084563721021444530
084563721021444730
084573621021444530
084573621021464530
512063748421044530
512063748421044730
512073648421044530
512073648421064530
584036721421044510
584036721421044710
584063721421044530
584063721421044730
584073621421044530
584073621421064530
012573648021444520
012573648021464520
012576348021444500
014567328021444500
014567328021446500
014576328023446500
084576321021444500
084576321021464500
512073648421044520
512073648421064520
512076348421044500
514067328421044500
514067328421046500
514076328423046500
584076321421044500
584076321421064500
012537648022444530
012537648022446530
012567348022464530
012567348022466530
084536721022444510
084536721022444710
084536721022444530
084536721022444730
084536721022446530
084536721022446730
084563721022444530
084563721022444730
084573621022444530
084573621022464530
084576321022444530
084576321022446530
084576321022464530
084576321022466530
512037648422044530
512037648422046530
512067348422064530
512067348422066530
584036721422044510
584036721422044710
584036721422044530
584036721422044730
584036721422046530
584036721422046730
584063721422044530
584063721422044730
584073621422044530
584073621422064530
584076321422044530
584076321422046530
584076321422064530
584076321422066530
012864753031271444
012864753031271644
012874653031251644
012874356031253446
012874356031273446
512864703431271404
512864703431271604
512874603431251604
512874306431253406
512874306431273406
012834756031252446
012834756031252646
012864753031272444
012864753031272644
012874356031252446
012874356031272446
512834706431252406
512834706431252606
512864703431272404
512864703431272604
512874306431252406
512874306431272406
012864753032271444
012864753032271644
012874653032271644
012834756032253446
012834756032253646
012874356032253446
012874356032273446
014862753032251444
014862753032251644
014872653032251644
014872653032271644
512864703432271404
512864703432271604
512874603432271604
512834706432253406
512834706432253606
512874306432253406
512874306432273406
514862703432251404
514862703432251604
514872603432251604
514872603432271604
012648375021510044
012648375021510064
014628375023530044
014628375023530064
084721365021510064
084721365021710064
012648573021510440
012648573021510460
014628573023530440
014628573023530460
084721563021510460
084721563021710460
312648075021510044
312648075021510064
314628075023530044
314628075023530064
384721065021510064
384721065021710064
312648570021510440
312648570021510460
314628570023530440
314628570023530460
384721560021510460
384721560021710460
512648073421510040
512648073421510060
514628073423530040
514628073423530060
584721063421510060
584721063421710060
512648370421510040
512648370421510060
514628370423530040
514628370423530060
584721360421510060
584721360421710060
012648375021500044
012648375021500064
012748365021500064
012748365021700064
014628375021500044
014628375021500064
014728365021500064
014728365021700064
012648573021500440
012648573021500460
012748563021500460
012748563021700460
014628573021500440
014628573021500460
014728563021500460
014728563021700460
312648075021500044
312648075021500064
312748065021500064
312748065021700064
314628075021500044
314628075021500064
314728065021500064
314728065021700064
312648570021500440
312648570021500460
312748560021500460
312748560021700460
314628570021500440
314628570021500460
314728560021500460
314728560021700460
512648073421500040
512648073421500060
512748063421500060
512748063421700060
514628073421500040
514628073421500060
514728063421500060
514728063421700060
512648370421500040
512648370421500060
512748360421500060
512748360421700060
514628370421500040
514628370421500060
514728360421500060
514728360421700060
014628375022530044
014628375022530064
084721365022510064
084721365022710064
084721365022730064
014628573022530440
014628573022530460
084721563022510460
084721563022710460
084721563022730460
314628075022530044
314628075022530064
384721065022510064
384721065022710064
384721065022730064
314628570022530440
314628570022530460
384721560022510460
384721560022710460
384721560022730460
514628073422530040
514628073422530060
584721063422510060
584721063422710060
584721063422730060
514628370422530040
514628370422530060
584721360422510060
584721360422710060
584721360422730060
012674358031553043
012674358031573043
012764358031573043
012764358031773043
012674538031553403
012674538031573403
012764538031573403
012764538031773403
312674058031553043
312674058031573043
312764058031573043
312764058031773043
312674508031553403
312674508031573403
312764508031573403
312764508031773403
512674038431553003
512674038431573003
512764038431573003
512764038431773003
512674308431553003
512674308431573003
512764308431573003
512764308431773003
012674358031552043
012674358031572043
012764358031552043
012764358031572043
012764358031752043
012764358031772043
012674538031552403
012674538031572403
012764538031552403
012764538031572403
012764538031752403
012764538031772403
312674058031552043
312674058031572043
312764058031552043
312764058031572043
312764058031752043
312764058031772043
312674508031552403
312674508031572403
312764508031552403
312764508031572403
312764508031752403
312764508031772403
512674038431552003
512674038431572003
512764038431552003
512764038431572003
512764038431752003
512764038431772003
512674308431552003
512674308431572003
512764308431552003
512764308431572003
512764308431752003
512764308431772003
012674358032553043
012674358032573043
012764358032553043
012764358032753043
012674538032553403
012674538032573403
012764538032553403
012764538032753403
312674058032553043
312674058032573043
312764058032553043
312764058032753043
312674508032553403
312674508032573403
312764508032553403
312764508032753403
512674038432553003
512674038432573003
512764038432553003
512764038432753003
512674308432553003
512674308432573003
512764308432553003
512764308432753003
087531642025442510
087531642027442510
087561342025442510
087561342027442510
587031642425042510
587031642427042510
587061342425042510
587061342427042510
087531642025442520
087531642027442520
087561342025442500
087561342027442500
587031642425042520
587031642427042520
587061342425042500
587061342427042500
013865427025164135
013865427025164137
016835427027144135
016835427027144137
513860427425160135
513860427425160137
516830427427140135
516830427427140137
013865427025144105
013865427025144107
013875426025144107
016875423027144105
016875423027164105
017835426027144107
017865423027164105
513860427425140105
513860427425140107
513870426425140107
516870423427140105
516870423427160105
517830426427140107
517860423427160105
016875423027144015
016875423027164015
017865423027164015
013865427025144035
013865427025144037
013865427025164035
013865427025164037
016835427027144035
016835427027144037
087165243025144015
087165243027144015
087135246025144037
087135246027144037
516870423427140015
516870423427160015
517860423427160015
513860427425140035
513860427425140037
513860427425160035
513860427425160037
516830427427140035
516830427427140037
587160243425140015
587160243427140015
587130246425140037
587130246427140037
013865427025144005
013865427025144007
013875426025144007
016875423027144005
016875423027164005
017835426027144007
017865423027164005
087135246025144007
087135246027144007
087165243025144005
087165243027144005
513860427425140005
513860427425140007
513870426425140007
516870423427140005
516870423427160005
517830426427140007
517860423427160005
587130246425140007
587130246427140007
587160243425140005
587160243427140005
075126843044217315
075126843064217315
075123846044215337
075123846064215337
035127846044235337
035127846044237337
035146827044217335
035146827044217337
065143827044215335
065143827044215337
075146823044237315
035146827044237335
035146827044237337
075826143044217315
075826143064217315
075823146044215337
075823146064215337
035846127044217335
035846127044217337
075846123044237315
075846123064237315
570126843440217315
570126843460217315
570123846440215337
570123846460215337
530127846440235337
530127846440237337
530146827440217335
530146827440217337
560143827440215335
560143827440215337
570146823440237315
530146827440237335
530146827440237337
570826143440217315
570826143460217315
570823146440215337
570823146460215337
530846127440217335
530846127440217337
570846123440237315
570846123460237315
075123846044215307
075123846064215307
075126843044217305
075126843064217305
035127846044235307
035127846044237307
065147823044215305
065147823044217305
035147826044237307
075823146044215307
075823146064215307
075826143044217305
075826143064217305
570123846440215307
570123846460215307
570126843440217305
570126843460217305
530127846440235307
530127846440237307
560147823440215305
560147823440217305
530147826440237307
570823146440215307
570823146460215307
570826143440217305
570826143460217305
065127843044225305
065127843044227305
075126843044227305
075126843064227305
075123846044205327
075123846064205327
075123846044205307
075123846064205307
065147823044225305
065147823044227305
075146823044227305
075146823064227305
075823146044205307
075823146064205307
065847123044225305
065847123044227305
075846123044227305
075846123064227305
035846127044207305
035846127044207307
065843127044205305
065843127044205307
560127843440225305
560127843440227305
570126843440227305
570126843460227305
570123846440205327
570123846460205327
570123846440205307
570123846460205307
560147823440225305
560147823440227305
570146823440227305
570146823460227305
570823146440205307
570823146460205307
560847123440225305
560847123440227305
570846123440227305
570846123460227305
530846127440207305
530846127440207307
560843127440205305
560843127440205307
035647821044515231
035647821044517231
065347821044515231
065347821044517231
065743821044535231
065743821044735231
075643821044535231
075643821064535231
530647821440515231
530647821440517231
560347821440515231
560347821440517231
560743821440535231
560743821440735231
570643821440535231
570643821460535231
035726841044517221
035726841044717221
530726841440517221
530726841440717221
065347821044525231
065347821044527231
075346821044527231
075346821064527231
035746821044507231
035746821044707231
065743821044505231
065743821044705231
560347821440525231
560347821440527231
570346821440527231
570346821460527231
530746821440507231
530746821440707231
560743821440505231
560743821440705231
065327841044525221
065327841044527221
075326841044527221
075326841064527221
075623841044505221
075623841064505221
560327841440525221
560327841440527221
570326841440527221
570326841460527221
570623841440505221
570623841460505221
071582364042430551
071582364062430551
071582634042430551
071582634062430551
571082364442030551
571082364462030551
571082634442030551
571082634462030551
071582364042430552
071582364062430552
071582634042430552
071582634062430552
571082364442030552
571082364462030552
571082634442030552
571082634462030552
031576824042444231
031576824042446231
031576824042464231
031576824042466231
071536824042444231
071536824042446231
071536824062444231
071536824062446231
031576842042446231
031576842042466231
071536842042446231
071536842062446231
531076824442044231
531076824442046231
531076824442064231
531076824442066231
571036824442044231
571036824442046231
571036824462044231
571036824462046231
531076842442046231
531076842442066231
571036842442046231
571036842462046231
031576824042446232
031576824042466232
071536824042446232
071536824062446232
061573842042444210
061573842042464210
071563842042444210
071563842042464210
071563842062444210
071563842062464210
531076824442046232
531076824442066232
571036824442046232
571036824462046232
561073842442044210
561073842442064210
571063842442044210
571063842442064210
571063842462044210
571063842462064210
031576842042446221
031576842042466221
071536842042446221
071536842062446221
071563842042444221
071563842062444221
531076842442046221
531076842442066221
571036842442046221
571036842462046221
571063842442044221
571063842462044221
061573842042444220
061573842042464220
071563842042464220
071563842062464220
561073842442044220
561073842442064220
571063842442064220
571063842462064220
076512834044431251
036514872044433251
036514872044433271
063514872044433251
063514872044433271
076584132044431251
076584132064431251
073584162044433251
073584162064433251
576012834444031251
536014872444033251
536014872444033271
563014872444033251
563014872444033271
576084132444031251
576084132464031251
573084162444033251
573084162464033251
076512834044431252
036514872044433250
036514872044433270
063514872044433250
063514872044433270
073584162044433270
073584162064433270
576012834444031252
536014872444033250
536014872444033270
563014872444033250
563014872444033270
573084162444033270
573084162464033270
063512874044432251
063512874044432271
073512864044432251
037512864044430251
037512864046430251
067512834044430251
067512834046430251
063514872044432251
063514872044432271
036514872044430251
036514872044430271
073582164044432271
073582164064432271
073584162044432251
073584162064432251
076584132044430251
076584132064430251
563012874444032251
563012874444032271
573012864444032251
537012864444030251
537012864446030251
567012834444030251
567012834446030251
563014872444032251
563014872444032271
536014872444030251
536014872444030271
573082164444032271
573082164464032271
573084162444032251
573084162464032251
576084132444030251
576084132464030251
063512874044432250
063512874044432270
067512834044430252
067512834046430252
063514872044432250
063514872044432270
036514872044430250
036514872044430270
073582164044432270
073582164064432270
073584162044432270
073584162064432270
563012874444032250
563012874444032270
567012834444030252
567012834446030252
563014872444032250
563014872444032270
536014872444030250
536014872444030270
573082164444032270
573082164464032270
573084162444032270
573084162464032270
801462753102151444
801462753102151644
801472653102151644
801472653102171644
851462703142151404
851462703142151604
851472603142151604
851472603142171604
801432657102150644
801432657102150646
801432756102150446
801432756102150646
801462357102150444
801462357102150446
801462753102170444
801462753102170644
801472356102150446
801472356102170446
801472653102150644
801472653102170644
851432607142150604
851432607142150606
851432706142150406
851432706142150606
851462307142150404
851462307142150406
851462703142170404
851462703142170604
851472306142150406
851472306142170406
851472603142150604
851472603142170604
801234756102253446
801234756102253646
851234706142253406
851234706142253606
801432657102250644
801432657102250646
801472653102250644
801472653102270644
801462357102050444
801462357102050446
801472356102050446
801472356102070446
851432607142250604
851432607142250606
851472603142250604
851472603142270604
851462307142050404
851462307142050406
851472306142050406
851472306142070406
801753264102444351
801753264102644351
801756234102444351
801756234102446351
801756234102644351
801756234102646351
801356472102446151
801356472102446171
801753462102444351
801753462102644351
801756432102446351
801756432102646351
851703264142404351
851703264142604351
851706234142404351
851706234142406351
851706234142604351
851706234142606351
851306472142406151
851306472142406171
851703462142404351
851703462142604351
851706432142406351
851706432142606351
801756234102446352
801756234102646352
801753462102444370
801753462102644370
851706234142406352
851706234142606352
851703462142404370
851703462142604370
801356472102446051
801356472102446071
801753462102444051
801753462102644051
801756432102446051
801756432102646051
851306472142406051
851306472142406071
851703462142404051
851703462142604051
851706432142406051
851706432142606051
801753462102444070
801753462102644070
851703462142404070
851703462142604070
807462153104151044
807462153106151044
857462103144151004
857462103146151004
803462157104172044
803462157104172046
807432156104150046
807432156106150046
807462153104170044
807462153106170044
853462107144172004
853462107144172006
857432106144150006
857432106146150006
857462103144170004
857462103146170004
806274153104251044
806274153104271044
803274156104253046
803274156104273046
807234156104253046
807234156106253046
856274103144251004
856274103144271004
853274106144253006
853274106144273006
857234106144253006
857234106146253006
803274156104252046
803274156104272046
806234157104250044
806234157104250046
806274153104250044
806274153104270044
853274106144252006
853274106144272006
856234107144250004
856234107144250006
856274103144250004
856274103144270004
803462751104172443
803462751104172643
803472651104152643
803472651104172643
807432651104150643
807432651106150643
807462351104150443
807462351106150443
853462701144172403
853462701144172603
853472601144152603
853472601144172603
857432601144150603
857432601146150603
857462301144150403
857462301146150403
103264758104252443
103264758104252643
103264758104272443
103264758104272643
106234758104250443
106234758104250643
106274358104050443
106274358104070443
107432658104250643
107432658106250643
107462358104070443
107462358106070443
806234751104250443
806234751104250643
803472651104252643
803472651104272643
807432651104250643
807432651106250643
807462351104050443
807462351106050443
153264708144252403
153264708144252603
153264708144272403
153264708144272603
156234708144250403
156234708144250603
156274308144050403
156274308144070403
157432608144250603
157432608146250603
157462308144070403
157462308146070403
856234701144250403
856234701144250603
853472601144252603
853472601144272603
857432601144250603
857432601146250603
857462301144050403
857462301146050403
