128356074211430551
128356074211432551
128356074211430571
128356074211432571
128356074211430751
128356074211432751
128356074211430771
128356074211432771
128356470211430054
128356470211432054
128356470211430074
128356470211432074
128356470211430056
128356470211432056
128356470211430076
128356470211432076
128653074211004551
128653074211204551
128653074211004571
128653074211204571
128657034211004551
128657034211204551
128657034211006551
128657034211206551
128653074211004751
128653074211204751
128653074211004771
128653074211204771
128657034211004751
128657034211204751
128657034211006751
128657034211206751
128653470211004054
128653470211204054
128653470211004074
128653470211204074
128657430211004054
128657430211204054
128657430211006054
128657430211206054
128653470211004056
128653470211204056
128653470211004076
128653470211204076
128657430211004056
128657430211204056
128657430211006056
128657430211206056
120653478215004050
120653478215204050
120653478215004070
120653478215204070
120653478217004050
120653478217204050
120653478217004070
120653478217204070
831257064251214511
831257064251214531
831257064251216511
831257064251216531
871253064251214511
871253064251214531
871253064271214511
871253064271214531
831257064251214711
831257064251214731
831257064251216711
831257064251216731
871253064251214711
871253064251214731
871253064271214711
871253064271214731
831257460251214014
831257460251214034
831257460251216014
831257460251216034
871253460251214014
871253460251214034
871253460271214014
871253460271214034
831257460251214016
831257460251214036
831257460251216016
831257460251216036
871253460251214016
871253460251214036
871253460271214016
871253460271214036
871356024251420531
871356024251422531
871356024271420531
871356024271422531
871356024251420731
871356024251422731
871356024271420731
871356024271422731
135687420251014034
135687420251214034
135687420251016034
135687420251216034
135687420251014036
135687420251214036
135687420251016036
135687420251216036
531687420251014034
531687420251214034
531687420251016034
531687420251216034
531687420251014036
531687420251214036
531687420251016036
531687420251216036
830257461255214010
830257461255214030
830257461255216010
830257461255216030
870253461255214010
870253461255214030
870253461275214010
870253461275214030
830257461257214010
830257461257214030
830257461257216010
830257461257216030
870253461257214010
870253461257214030
870253461277214010
870253461277214030
834257061252214510
834257061252214530
834257061252216510
834257061252216530
874253061252214510
874253061252214530
874253061272214510
874253061272214530
834257061252214710
834257061252214730
834257061252216710
834257061252216730
874253061252214710
874253061252214730
874253061272214710
874253061272214730
130752468255420010
130752468255420030
130752468255620010
130752468255620030
170352468255420010
170352468255420030
170352468275420010
170352468275420030
130752468257420010
130752468257420030
130752468257620010
130752468257620030
170352468257420010
170352468257420030
170352468277420010
170352468277420030
134752068252420510
134752068252420530
134752068252620510
134752068252620530
134752068252420710
134752068252420730
134752068252620710
134752068252620730
170382465255420010
170382465255420030
170382465275420010
170382465275420030
170382465257420010
170382465257420030
170382465277420010
170382465277420030
570382461255420010
570382461255420030
570382461275420010
570382461275420030
570382461257420010
570382461257420030
570382461277420010
570382461277420030
170653824255014331
170653824255214331
170653824275014331
170653824275214331
170653824257014331
170653824257214331
170653824277014331
170653824277214331
134657820252014334
134657820252214334
134657820252016334
134657820252216334
174653820252014334
174653820252214334
174653820272014334
174653820272214334
134657820252014336
134657820252214336
134657820252016336
134657820252216336
174653820252014336
174653820252214336
174653820272014336
174653820272214336
134687520252014334
134687520252214334
134687520252016334
134687520252216334
134687520252014336
134687520252214336
134687520252016336
134687520252216336
534687120252014334
534687120252214334
534687120252016334
534687120252216334
534687120252014336
534687120252214336
534687120252016336
534687120252216336
